0 20 20 20 20 20 20 20 20 20
40 	23.7295 	22.9018 	22.0741 	21.6736 	21.3389 	21.0042 	20.6695 	20.3347 	20.0000 
150 	37.3197 	31.7555 	26.1914 	24.6445 	23.7156 	22.7867 	21.8578 	20.9289 	20.0000 
300 	61.1773 	46.7212 	32.2650 	28.8104 	27.0483 	25.2862 	23.5242 	21.7621 	20.0000 
450 	76.5693 	57.6269 	38.6845 	33.8556 	31.1980 	28.5404 	25.8828 	23.2252 	20.5676 
600 	91.9613 	69.6004 	47.2395 	40.8913 	37.0067 	33.1220 	29.2374 	25.3527 	21.4680 
750 	108.2769 	83.9035 	59.5301 	51.2880 	45.5277 	39.7673 	34.0070 	28.2466 	22.4863 
900 	130.4414 	101.9367 	73.4320 	62.9995 	55.3473 	47.6952 	40.0430 	32.3909 	24.7387 
1050 	157.3389 	122.5659 	87.7928 	74.8291 	65.2206 	55.6121 	46.0037 	36.3952 	26.7867 
1200 	196.2422 	149.5731 	102.9040 	86.7728 	75.3396 	63.9065 	52.4733 	41.0402 	29.6070 
1350 	245.8815 	181.2027 	116.5240 	96.7841 	83.9579 	71.1317 	58.3055 	45.4793 	32.6531 
1500 	292.9811 	210.7980 	128.6149 	105.5094 	91.4927 	77.4760 	63.4593 	49.4426 	35.4260 
1650 	341.6968 	241.7205 	141.7441 	115.2635 	100.0900 	84.9164 	69.7428 	54.5693 	39.3957 
1800 	384.4096 	270.3585 	156.3074 	126.9445 	110.6106 	94.2767 	77.9428 	61.6089 	45.2749 
1950 	419.4265 	295.6920 	171.9575 	139.9819 	122.1232 	104.2644 	86.4056 	68.5469 	50.6881 
2100 	450.9031 	318.9324 	186.9617 	152.5546 	133.1574 	113.7601 	94.3629 	74.9656 	55.5683 
2250 	480.3137 	340.2938 	200.2739 	163.8015 	143.2594 	122.7173 	102.1752 	81.6332 	61.0911 
2400 	510.4702 	362.1761 	213.8819 	175.4124 	153.8390 	132.2657 	110.6923 	89.1189 	67.5455 
2550 	537.9450 	383.9232 	229.9014 	188.9472 	165.3881 	141.8290 	118.2698 	94.7107 	71.1516 
2700 	562.1874 	403.2159 	244.2444 	201.3808 	176.3800 	151.3792 	126.3784 	101.3775 	76.3767 
2850 	585.7702 	422.2332 	258.6962 	213.8251 	187.2104 	160.5957 	133.9809 	107.3662 	80.7515 
3000 	608.1161 	441.2563 	274.3964 	227.3720 	198.7837 	170.1955 	141.6072 	113.0190 	84.4307 
3150 	627.7452 	458.0241 	288.3030 	239.3428 	208.9612 	178.5797 	148.1981 	117.8165 	87.4350 
3300 	641.8411 	472.0749 	302.3086 	251.7316 	219.4914 	187.2511 	155.0109 	122.7706 	90.5304 
3450 	655.1167 	486.3127 	317.5087 	265.3077 	231.0457 	196.7837 	162.5216 	128.2596 	93.9975 
3600 	668.3923 	499.5718 	330.7512 	277.1276 	241.2266 	205.3256 	169.4246 	133.5236 	97.6226 
3750 	679.4553 	511.0597 	342.6641 	287.8791 	250.5726 	213.2660 	175.9595 	138.6530 	101.3465 
3900 	692.7351 	523.2804 	353.8258 	297.6042 	258.8032 	220.0021 	181.2011 	142.4000 	103.5990 
4050 	708.8967 	538.5911 	368.2855 	310.1970 	269.3727 	228.5484 	187.7241 	146.8997 	106.0754 
4200 	721.5333 	550.7377 	379.9421 	320.5188 	278.2298 	235.9407 	193.6517 	151.3626 	109.0735 
4350 	734.7704 	563.6204 	392.4703 	331.7480 	288.0146 	244.2812 	200.5478 	156.8143 	113.0809 
4500 	748.0460 	575.8191 	403.5922 	341.6965 	296.7748 	251.8532 	206.9316 	162.0099 	117.0883 
4650 	756.1909 	585.2074 	414.2238 	351.8746 	306.2383 	260.6020 	214.9657 	169.3294 	123.6932 
4800 	763.7129 	594.7605 	425.8081 	362.9239 	316.3579 	269.7919 	223.2259 	176.6600 	130.0940 
4950 	771.2989 	603.5584 	435.8179 	372.9478 	326.2115 	279.4752 	232.7389 	186.0025 	139.2662 
5100 	780.3692 	612.3688 	444.3684 	381.3523 	334.4876 	287.6229 	240.7583 	193.8936 	147.0290 
5250 	790.5063 	622.4157 	454.3251 	391.0157 	343.8264 	296.6372 	249.4479 	202.2587 	155.0694 
5400 	801.2928 	632.3726 	463.4525 	400.0352 	352.8492 	305.6632 	258.4772 	211.2912 	164.1052 
5550 	812.3626 	642.4801 	472.5975 	408.9966 	361.7466 	314.4967 	267.2468 	219.9969 	172.7470 
5700 	823.7417 	652.3761 	481.0104 	417.1377 	369.8023 	322.4669 	275.1315 	227.7961 	180.4608 
5850 	832.2348 	660.6450 	489.0552 	425.0256 	377.5438 	330.0620 	282.5802 	235.0984 	187.6166 
6000 	839.1887 	668.1209 	497.0532 	432.8903 	385.1743 	337.4584 	289.7424 	242.0264 	194.3105 
6150 	846.1426 	675.3967 	504.6507 	440.3575 	392.4417 	344.5259 	296.6100 	248.6942 	200.7784 
6300 	854.8281 	682.9694 	511.1108 	446.6056 	398.6163 	350.6270 	302.6378 	254.6485 	206.6592 
6450 	863.6785 	691.1519 	518.6253 	453.5258 	404.9535 	356.3812 	307.8089 	259.2367 	210.6644 
6600 	872.2266 	699.6587 	527.0907 	461.2538 	411.8371 	362.4203 	313.0036 	263.5868 	214.1701 
6750 	880.3898 	707.5471 	534.7044 	468.4210 	418.5313 	368.6416 	318.7519 	268.8622 	218.9725 
6900 	886.0794 	714.0978 	542.1162 	475.6073 	425.3251 	375.0429 	324.7606 	274.4784 	224.1962 
7050 	892.0575 	720.8284 	549.5993 	482.6937 	431.8379 	380.9821 	330.1262 	279.2704 	228.4146 
7200 	898.6954 	727.8161 	556.9369 	489.5691 	438.1262 	386.6833 	335.2404 	283.7975 	232.3546 
7350 	905.3332 	735.1464 	564.9596 	497.1116 	445.0081 	392.9046 	340.8010 	288.6975 	236.5939 
7500 	911.5862 	741.6849 	571.7837 	503.4558 	450.7545 	398.0532 	345.3519 	292.6506 	239.9492 
7650 	916.0114 	747.0122 	578.0131 	509.6077 	456.6783 	403.7489 	350.8194 	297.8900 	244.9606 
7800 	920.9753 	753.4354 	585.8956 	517.0496 	463.3873 	409.7251 	356.0628 	302.4005 	248.7382 
7950 	925.9453 	759.4303 	592.9154 	523.8979 	469.8802 	415.8624 	361.8446 	307.8268 	253.8090 
8100 	930.1376 	764.5019 	598.8662 	529.7215 	475.4217 	421.1218 	366.8219 	312.5220 	258.2221 
8250 	934.3299 	770.3446 	606.3594 	536.7122 	481.5787 	426.4451 	371.3115 	316.1779 	261.0443 
8400 	940.8649 	776.3523 	611.8397 	541.7844 	486.2609 	430.7374 	375.2139 	319.6904 	264.1669 
8550 	947.8932 	783.0807 	618.2682 	547.7224 	491.6792 	435.6359 	379.5927 	323.5495 	267.5063 
8700 	953.3370 	788.6017 	623.8664 	553.2427 	497.0977 	440.9526 	384.8076 	328.6626 	272.5176 
8850 	957.7622 	793.8099 	629.8575 	558.7810 	501.9931 	445.2051 	388.4172 	331.6293 	274.8414 
9000 	963.1494 	800.0432 	636.9369 	565.3174 	507.7728 	450.2281 	392.6835 	335.1388 	277.5942 
9150 	969.0497 	805.7136 	642.3776 	570.3451 	512.3594 	454.3736 	396.3878 	338.4020 	280.4163 
9300 	974.3974 	811.0906 	647.7837 	575.4199 	517.0472 	458.6746 	400.3020 	341.9293 	283.5567 
9450 	978.4822 	816.0190 	653.5558 	580.9987 	522.2732 	463.5477 	404.8222 	346.0968 	287.3713 
9600 	981.4274 	820.2175 	659.0076 	586.2313 	527.0601 	467.8890 	408.7178 	349.5467 	290.3755 
9750 	983.6400 	824.1758 	664.7116 	591.7348 	532.0638 	472.3928 	412.7218 	353.0508 	293.3798 
9900 	985.9681 	828.2549 	670.5417 	597.2459 	536.9374 	476.6289 	416.3204 	356.0119 	295.7034 
10050 	988.6232 	831.9709 	675.3185 	601.8690 	541.2200 	480.5710 	419.9220 	359.2730 	298.6239 
10200 	991.7134 	835.3096 	678.9059 	605.3581 	544.5573 	483.7566 	422.9559 	362.1552 	301.3545 
10350 	995.7982 	839.7843 	683.7704 	609.8810 	548.6262 	487.3714 	426.1166 	364.8617 	303.6069 
10500 	999.8209 	844.1528 	688.4846 	614.3370 	552.7310 	491.1250 	429.5190 	367.9130 	306.3070 
10650 	1003.8036 	847.8952 	691.9868 	617.8041 	556.1947 	494.5853 	432.9758 	371.3664 	309.7570 
10800 	1007.7863 	851.7854 	695.7846 	621.1824 	559.1032 	497.0240 	434.9447 	372.8655 	310.7863 
