40	22.9562	22.12571368	21.43115701	20.97644738	20	20	20	20	20
150	37.5094	33.11885983	29.40799955	26.81282	20.0951	20.404	20.2377	20	20
300	62.6473	52.23345299	43.40862353	37.139604	20.2513	21.0678	20.6281	20	20
450	86.5875	71.93931453	59.44328281	50.21826185	22.619	22.6894	21.3528	20	20
600	113.9633	93.90102564	76.77792443	64.10199046	25.772	25.303	22.5974	20	20
750	146.8914	119.7608419	96.62466018	79.57931877	28.2963	26.7456	23.1938	20	20
900	189.3534	153.045835	122.1105991	99.43133846	30.985	25.8115	22.3088	20	20
1050	264.318	211.0997231	165.8299977	132.9501357	35.3664	26.5288	22.8796	21.0317	20
1200	342.3889	272.6743462	213.3122869	169.9468708	40.1128	30.2647	25.9284	24.7289	28.4738
1350	391.2683	310.5145709	241.9725919	192.8189338	50.8922	36.7515	29.8309	27.2645	31.9923
1500	435.0035	344.5363812	268.0235498	214.2994366	65.0216	43.1361	33.4007	30.0865	36.0265
1650	478.7388	379.4414359	295.6741371	237.7542683	81.84	54.21	41.2144	35.6448	40.1943
1800	511.6938	406.0889838	317.0825217	255.8847129	97.1383	79.4851	60.6926	45.715	44.5924
1950	531.7242	425.7114658	336.0839489	273.2902588	104.8595	95.7837	79.8044	62.8608	49.6065
2100	548.5935	442.8916573	353.229991	289.1641492	108.9713	100.9318	95.1964	84.5265	55.1041
2250	571.6938	464.4671137	373.1454176	306.3577474	109.3884	105.5718	102.8854	93.4334	60.2995
2400	594.6016	485.9043966	392.9756068	323.5326572	108.658	104.1558	103.1169	96.0163	65.2473
2550	617.5626	507.3799162	412.8901543	341.0713502	110.4841	104.413	103.0644	96.9289	70.1143
2700	639.247	527.9393094	432.2617421	358.6159935	115.2958	106.1039	103.8961	98.3913	74.9122
2850	660.0111	548.6714496	452.7224462	377.8592025	122.8956	109.6392	106.5224	101.5347	80.1714
3000	674.3244	564.3443718	469.2748932	393.8930923	128.2828	110.6494	105.9452	101.1121	82.9202
3150	691.2683	581.7003607	486.7672502	410.5899025	134.9784	111.9048	105.3207	100.6128	85.669
3300	707.552	598.2592906	503.3803529	426.4906434	142.2307	114.2025	105.7143	100.8237	88.3855
3450	718.0484	609.8285607	515.7258729	438.8302674	149.0351	115.5565	107.0899	103.511	91.2119
3600	730.4172	623.1061043	529.6600575	452.7552397	158.0299	119.2677	109.5533	106.1683	94.8338
3750	745.3581	638.2063863	544.757919	467.2750098	165.7165	122.7966	111.4677	107.8706	98.4558
3900	761.4023	653.2280803	558.9026778	480.7528702	175.7182	128.4114	113.6589	108.0237	100.2247
4050	773.3352	665.5227051	571.448019	493.2423437	185.2627	134.1233	115.4405	107.3262	101.984
4200	790.2754	681.1426983	585.9003774	506.6600594	193.6867	140.1084	118.0279	107.4948	103.9551
4350	805.7896	696.0247402	600.2093805	520.405536	203.5267	145.7677	120.9524	108.8451	106.1541
4500	815.63	706.8352487	611.7619977	532.1499578	212.5541	151.7749	125.504	112.3392	108.3531
4650	824.3321	716.3671051	621.9462855	542.5850874	221.485	158.3524	129.2654	114.066	111.1127
4800	832.0991	725.5322043	632.2417176	553.4552154	231.386	165.1117	133.7235	116.9283	113.8904
4950	840.3592	734.4589248	641.7405371	563.3907729	241.7143	172.1558	138.8981	121.0466	118.2488
5100	849.9014	744.4919402	652.1689588	574.0140388	251.7576	180.5108	145.2945	125.9786	123.6336
5250	855.3818	751.6251795	660.6535285	583.2516775	261.0751	188.0324	151.3567	130.7521	127.3501
5400	867.8641	763.4983658	671.968609	593.9944049	268.8757	195.2975	157.3558	135.6876	132.6278
5550	878.2541	773.1974496	681.1041611	602.821728	277.2885	203.0385	163.4576	140.3674	137.577
5700	885.0902	780.7064265	689.1952566	611.376372	287.0118	211.3201	169.9512	145.3406	142.2683
5850	896.7529	792.0259103	700.2187122	622.1678477	295.9184	216.6481	173.9889	149.1846	147.2857
6000	898.0768	796.0322983	706.4003068	629.4839145	302.9492	221.8745	178.1049	152.9351	152.4599
6150	899.8262	799.6308325	711.6134376	636.0436348	314.0131	231.14	185.849	159.2756	157.5121
6300	908.5023	808.1999479	720.0700104	644.328508	321.3911	239.1515	192.9713	165.1489	162.4599
6450	915.0626	815.5855205	728.1083919	652.635492	328.887	245.9971	199.3269	170.9434	167.296
6600	921.6229	823.0269838	736.2612529	661.1455923	336.7887	252.0661	205.1477	176.7028	172.0324
6750	928.1832	830.7339274	744.8751932	670.1327295	344.7477	259.442	211.0709	181.3578	176.9034
6900	934.7435	838.0061547	752.7469321	678.4144532	353.8087	267.7492	217.4288	185.9975	181.7901
7050	942.4598	846.0427308	761.052852	686.9029588	362.6917	276.4877	225.2447	192.6575	187.2961
7200	948.2896	852.8022855	768.5640095	694.7959458	370.861	285.57	234.7186	201.6017	193.1602
7350	952.6867	858.6040538	775.504424	702.3285228	377.9525	290.822	240.0184	207.391	199.0243
7500	957.935	865.001135	782.8302805	710.1265265	385.4271	297.2543	246.7699	214.4309	204.8884
7650	962.835	871.1129496	789.9093009	717.6425742	392.4839	304.5377	254.4589	222.0411	210.6259
7800	968.3283	877.6679624	797.3048792	725.3870723	399.6667	312.3563	259.7691	225.2704	216.3434
7950	975.4849	885.1996863	805.1523638	733.4500302	408.0131	319.9071	267.173	232.3011	221.598
8100	978.4637	889.2117846	810.0509873	739.0239951	415.7056	327.4632	275.3247	240.2585	225.9961
8250	979.7789	892.0301915	814.1038932	743.7892074	421.7226	334.9083	283.6643	248.31	230.3507
8400	981.1028	895.0503607	818.5638882	749.2819492	429.5847	341.0722	288.9641	252.9653	234.2601
8550	989.8499	904.3264923	828.2051986	758.8339375	436.3265	347.2882	294.8187	258.2602	238.1695
8700	996.5165	911.1316718	835.1508801	765.9761745	444.2682	353.9136	301.0623	263.9983	242.0552
8850	1001.6229	916.752088	841.2160471	772.3959138	451.6569	360.4354	307.5421	270.1191	245.9358
9000	1006.394	922.3181692	847.3520679	778.5018225	455.7699	368.0849	314.4877	275.1797	249.4142
9150	1010.8191	927.4082214	852.9885118	784.4545425	462.2126	374.9206	320.4591	279.8614	252.6456
9300	1015.4669	932.6633103	858.791262	790.7849671	470.1921	380.4648	325.5739	284.6746	255.5777
9450	1020.7246	938.9355915	865.9045276	798.4168132	478.674	388.8676	333.3868	291.0914	258.4222
9600	1026.5559	945.0317462	872.2190063	804.8608788	485.043	394.4124	338.7927	296.0201	261.0611
9750	1025.5827	945.9942795	874.7878312	808.4278308	490.4185	400	344.0981	300.5604	263.7201
9900	1025.4269	947.4446043	877.587348	812.1359945	496.6907	407.6479	350.7359	305.379	266.4078
10050	1030.198	952.6614214	883.1583371	817.8601163	502.0275	412.5709	355.8048	310.1961	269.0881
10200	1030.8428	954.7088564	886.3906756	821.918468	507.9595	417.6055	360.7058	314.7326	271.727
10350	1032.9317	957.6658333	890.1032204	826.2513997	514.2915	423.0476	365.7379	319.1497	274.3658
10500	1037.6797	962.5309846	895.0525801	831.1974831	519.4863	430.4935	372.1343	323.5668	277.0047
10650	1040.3038	965.8720171	898.9959584	835.5470268	524.4103	434.1624	376.2377	327.8474	278.9151
10800	1048.5462	973.2446718	905.6762588	841.9227625	530.213	436.613	379.013	331.1321	279.6482
