0.00555556 977045 17652 6.51926e-09 -977045 -1.81899e-12 2.6478e+07
0.0111111 1.56297e+06 15243.1 -1.48925e+06 -1.56297e+06 2408.9 2.07405e+07
0.0166667 1.48769e+06 -4414.91 1.9863e+06 -1.48769e+06 22066.9 -4.1709e+07
0.0222222 278129 -4621.12 -1.71551e+08 -278129 22273.1 1.3121e+08
0.0277778 1.1509e+06 -5523.03 -2.78885e+07 -1.1509e+06 23175 -1.51586e+07
0.0333333 1.00871e+06 49516.2 6.49327e+07 -1.00871e+06 -31864.2 5.71378e+07
0.0388889 1.16434e+06 10642.8 -2.70588e+06 -1.16434e+06 7009.23 8.15619e+06
0.0444444 1.15488e+06 14740.2 -235600 -1.15488e+06 2911.77 1.79783e+07
0.05 1.147e+06 15769.7 1.25902e+06 -1.147e+06 1882.29 1.95721e+07
0.0555556 1.16036e+06 12706 -4.14457e+06 -1.16036e+06 4945.99 1.57846e+07
0.0611111 1.15405e+06 11228.8 -8.45567e+06 -1.15405e+06 6423.15 1.56642e+07
0.0666667 1.1525e+06 9739.37 -1.26246e+07 -1.1525e+06 7912.63 1.53648e+07
0.0722222 1.13892e+06 15691.6 -1.37018e+06 -1.13892e+06 1960.41 2.1967e+07
0.0777778 1.14371e+06 14590 -4.03354e+06 -1.14371e+06 3062.02 2.13255e+07
0.0833333 1.13895e+06 16160.4 -572757 -1.13895e+06 1491.55 2.25761e+07
0.0888889 1.14042e+06 15951.7 -1.97387e+06 -1.14042e+06 1700.3 2.3351e+07
0.0944444 1.14184e+06 15728.3 -2.62528e+06 -1.14184e+06 1923.75 2.3332e+07
0.1 1.13258e+06 17451.6 -1.56115e+06 -1.13258e+06 200.43 2.74379e+07
0.105556 1.14888e+06 14663.7 -6.34555e+06 -1.14888e+06 2988.34 2.38585e+07
0.111111 1.14555e+06 16975.7 -162831 -1.14555e+06 676.333 2.46118e+07
0.116667 1.14435e+06 15201.5 -2.51288e+06 -1.14435e+06 2450.49 2.16394e+07
0.122222 1.14688e+06 15200.4 -2.17984e+06 -1.14688e+06 2451.56 2.13031e+07
0.127778 1.14258e+06 18094.9 2.1632e+06 -1.14258e+06 -442.942 2.56436e+07
0.133333 1.15636e+06 17383.3 1.69349e+06 -1.15636e+06 268.735 2.39783e+07
0.138889 1.1525e+06 16843.5 389377 -1.1525e+06 808.503 2.36631e+07
0.144444 1.15351e+06 17148.4 1.16244e+06 -1.15351e+06 503.62 2.38047e+07
0.15 1.1453e+06 16880.3 384436 -1.1453e+06 771.747 2.37783e+07
0.155556 1.13262e+06 16879.6 521928 -1.13262e+06 772.437 2.36388e+07
0.161111 1.12006e+06 16676.5 124178 -1.12006e+06 975.485 2.34274e+07
0.166667 1.10804e+06 16711.1 118590 -1.10804e+06 940.865 2.35368e+07
0.172222 1.09639e+06 16744.6 114859 -1.09639e+06 907.383 2.3641e+07
0.177778 1.08516e+06 16772.7 121398 -1.08516e+06 879.339 2.37186e+07
0.183333 1.07417e+06 16801.2 116693 -1.07417e+06 850.796 2.38089e+07
0.188889 1.0635e+06 16829.6 111832 -1.0635e+06 822.441 2.38988e+07
0.194444 1.05319e+06 16853.8 115828 -1.05319e+06 798.155 2.39677e+07
0.2 1.04312e+06 16876.2 116827 -1.04312e+06 775.781 2.40338e+07
0.205556 1.03325e+06 16901 107889 -1.03325e+06 751.028 2.4117e+07
0.211111 1.02371e+06 16922.2 110516 -1.02371e+06 729.768 2.41782e+07
0.216667 1.0144e+06 16941.5 111905 -1.0144e+06 710.486 2.42346e+07
0.222222 1.00529e+06 16960.2 110364 -1.00529e+06 691.828 2.42922e+07
0.227778 996384 16977.5 107515 -996384 674.472 2.43471e+07
0.233333 945658 8004.57 -2.13991e+07 -945658 9647.43 1.89349e+07
0.238889 964305 21302.2 9.07444e+06 -964305 -3650.25 2.83543e+07
0.244444 969794 15832.1 -1.52864e+06 -969794 1819.92 2.25469e+07
0.25 963945 16435.5 -937289 -963945 1216.48 2.37658e+07
0.255556 952634 16954.4 -573764 -952634 697.577 2.4959e+07
0.261111 943908 15745.4 -2.75605e+06 -943908 1906.64 2.35141e+07
0.266667 829631 38493.7 4.93098e+07 -829631 -20841.7 3.96934e+07
0.272222 853738 933.247 -3.77324e+07 -853738 16718.8 1.40542e+07
0.277778 874036 18268.1 3.31482e+06 -874036 -616.149 2.50116e+07
0.283333 881734 16426 -834299 -881734 1225.97 2.36344e+07
0.288889 878453 17082.9 465127 -878453 569.069 2.43057e+07
0.294444 876730 17419.5 218756 -876730 232.513 2.55617e+07
0.3 878096 17034.5 83651.3 -878096 617.514 2.45418e+07
0.305556 874683 17363 576862 -874683 289.032 2.5034e+07
0.311111 867115 17549 1.27918e+06 -867115 102.974 2.48899e+07
0.316667 855654 18014.5 868189 -855654 -362.474 2.66972e+07
0.322222 851705 17342.5 636333 -851705 309.522 2.49131e+07
0.327778 844674 17258.2 463435 -844674 393.809 2.48331e+07
0.333333 835919 17913.2 1.76966e+06 -835919 -261.247 2.54921e+07
0.338889 826415 17730.6 1.40174e+06 -826415 -78.6497 2.53122e+07
0.344444 816623 17585.3 1.04631e+06 -816623 66.708 2.52316e+07
0.35 807061 17513 843385 -807061 139.016 2.52176e+07
0.355556 798235 17530.9 879298 -798235 121.111 2.52354e+07
0.361111 789607 17594.1 984585 -789607 57.9095 2.53197e+07
0.366667 780945 17595.2 970568 -780945 56.8415 2.53369e+07
0.372222 772350 17596.8 947389 -772350 55.1969 2.5365e+07
0.377778 763892 17598.3 926951 -763892 53.7439 2.53898e+07
0.383333 755414 17599.2 886182 -755414 52.8187 2.54334e+07
0.388889 748774 17601.3 1.1724e+06 -748774 50.6701 2.51536e+07
0.394444 740123 17651.8 1.06471e+06 -740123 0.190708 2.54127e+07
0.4 731727 17553.4 887444 -731727 98.5947 2.52948e+07
0.405556 724873 17604.5 1.14928e+06 -724873 47.5109 2.51862e+07
0.411111 717043 17605.3 1.13269e+06 -717043 46.6726 2.52053e+07
0.416667 709257 17606.8 1.1047e+06 -709257 45.2221 2.52376e+07
0.422222 701609 17607.8 1.08379e+06 -701609 44.1919 2.52616e+07
0.427778 694052 17608.9 1.06181e+06 -694052 43.094 2.52869e+07
0.433333 686607 17609.5 1.04911e+06 -686607 42.4682 2.53015e+07
0.438889 679190 17610.8 1.02412e+06 -679190 41.1728 2.53304e+07
0.444444 671894 17611.9 1.00298e+06 -671894 40.1327 2.53546e+07
0.45 664708 17612.5 990816 -664708 39.5439 2.53686e+07
0.455556 657557 17613.5 969666 -657557 38.456 2.5393e+07
0.461111 650502 17614.6 948108 -650502 37.3897 2.54177e+07
0.466667 643563 17615.2 936428 -643563 36.8351 2.54311e+07
0.472222 636664 17616.1 918924 -636664 35.9413 2.54513e+07
0.477778 629848 17616.7 905357 -629848 35.2624 2.54669e+07
0.483333 623079 17617.9 882608 -623079 34.1197 2.5493e+07
0.488889 616439 17618.3 874169 -616439 33.7351 2.55026e+07
0.494444 609820 17619.2 856371 -609820 32.8254 2.55232e+07
0.5 603287 17619.9 840776 -603287 32.0622 2.5541e+07
0.505556 596834 17620.4 830730 -596834 31.5708 2.55526e+07
0.511111 590416 17621.2 816140 -590416 30.8269 2.55694e+07
0.516667 584060 17622.2 794776 -584060 29.7795 2.55939e+07
0.522222 577834 17622.3 792364 -577834 29.6973 2.55965e+07
0.527778 571589 17623.3 773718 -571589 28.7342 2.56181e+07
0.533333 565443 17624 759104 -565443 28.0389 2.56348e+07
0.538889 559376 17624.3 752255 -559376 27.7147 2.56426e+07
0.544444 553327 17625 737718 -553327 26.9768 2.56594e+07
0.55 547352 17625.6 725147 -547352 26.3697 2.56737e+07
0.555556 541440 17626.1 715210 -541440 25.8889 2.56851e+07
0.561111 535574 17626.5 706955 -535574 25.4713 2.56946e+07
0.566667 529717 17634 696859 -529717 17.9908 2.57272e+07
0.572222 524337 17509.2 569457 -524337 142.791 2.54802e+07
0.577778 518942 17436.4 502623 -518942 215.642 2.53285e+07
0.583333 513210 17437.1 475805 -513210 214.874 2.53576e+07
0.588889 507614 17442 479126 -507614 209.97 2.5369e+07
0.594444 502953 17441.4 382021 -502953 210.62 2.54641e+07
0.6 498739 17471.3 400252 -498739 180.731 2.55356e+07
0.605556 494631 17484 407576 -494631 167.971 2.55665e+07
0.611111 490560 17489.2 401403 -490560 162.849 2.5588e+07
0.616667 486557 17492.7 402250 -486557 159.324 2.55978e+07
0.622222 482562 17494 396288 -482562 157.984 2.56078e+07
0.627778 478594 17495.8 387035 -478594 156.185 2.56224e+07
0.633333 474822 17477.1 380803 -474822 174.876 2.55726e+07
0.638889 470787 17493.5 371276 -470787 158.465 2.56313e+07
0.644444 467061 17478.8 367307 -467061 173.234 2.5591e+07
0.65 463252 17472.1 354659 -463252 179.895 2.55837e+07
0.655556 459452 17471.1 345205 -459452 180.932 2.559e+07
0.661111 455690 17472.2 340883 -455690 179.79 2.55977e+07
0.666667 451951 17473.6 336005 -451951 178.422 2.56067e+07
0.672222 448241 17475.2 331422 -448241 176.844 2.5616e+07
0.677778 444560 17476.7 328938 -444560 175.292 2.56232e+07
0.683333 440889 17478.2 319208 -440889 173.848 2.56372e+07
0.688889 437283 17480.4 321168 -437283 171.562 2.56421e+07
0.694444 433669 17481.4 312489 -433669 170.587 2.56537e+07
0.7 430107 17483.3 313350 -430107 168.706 2.56585e+07
0.705556 426539 17484.3 302762 -426539 167.658 2.56723e+07
0.711111 423036 17486.6 304778 -423036 165.403 2.5677e+07
0.716667 419527 17487.6 296327 -419527 164.445 2.56883e+07
0.722222 416067 17489.6 293316 -416067 162.425 2.56974e+07
0.727778 