0	0	0
2.2	15000	3.27
4.4	77300	13.4
6.6	65400	12.9
8.8	70300	13.2
11	72700	13.2
13.2	78500	13.4
15.4	80700	13.5
17.6	71000	13.2
19.8	78300	13.3
22	78000	13.4
24.2	82800	13.5
26.4	67000	12.9
28.6	73700	13
30.8	75800	13.1
33	67400	12.8
35.2	66500	12.8
37.4	78000	13.1
39.6	71500	12.9
41.8	76900	13.1
44	73600	12.9
46.2	74600	13
48.4	68400	12.4
50.6	79400	13.1
52.8	69100	12.7
55	70500	12.6
57.2	74400	12.9
59.4	76600	12.8
61.6	69500	12.6
63.8	65100	12.5
66	75800	12.8
68.2	77400	12.8
70.4	70500	12.5
72.6	68400	12.5
74.8	73000	12.6
77	80900	12.9
79.2	73900	12.6
81.4	67500	12.2
83.6	76900	12.6
85.8	74300	12.4
88	82000	12.7
90.2	80000	12.7
92.4	75100	12.3
94.6	69200	12
96.8	73100	12.2
99	81500	12.6
101	75900	12.3
103	70400	12.1
106	67700	12.6
108	74500	12.2
110	73500	12.6
112	84500	12.4
114	78300	12.7
117	79200	12.7
119	74400	12.3
121	70900	12
123	71400	12.2
125	72100	12.6
128	60700	12.3
130	57100	12.1
132	69000	12.6
134	71900	12.2
136	76200	12.6
139	72200	12.4
141	66300	12.7
143	67600	12.7
145	76600	12.3
147	64400	12
150	64900	12.2
152	69100	12.6
154	77100	12.3
156	71900	12.1
158	70000	12.6
161	68900	12.2
163	78100	12.6
165	70200	12.4
167	76200	12.7
169	71300	12.7
172	73800	12.3
174	75900	12
176	76600	12.2
178	78500	12.6
180	71800	12.3
183	76300	12.1
185	68800	12.6
187	75200	12.2
189	74100	12.6
191	67000	12.4
194	72500	12.7
196	71500	12.7
198	79500	12.3
200	81300	12
202	62700	12.2
205	71200	12.6
207	70300	12.3
209	69500	12.1
211	75200	12.6
213	70400	12.2
216	68500	12.6
218	72900	12.4
220	63700	12.7
222	67900	12.7
224	76200	12.3
227	60400	12
229	68700	12.2
231	65900	12.6
233	76300	12.3
235	75000	12.1
238	79600	12.6
240	75100	12.2
242	63700	12.6
244	76800	12.4
246	73000	12.7
249	76400	12.7
251	74200	12.3
253	70400	12
255	71600	12.2
257	71100	12.6
260	74100	12.3
262	65900	12.1
264	70800	12.6
266	78500	12.2
268	72000	12.6
271	75600	12.4
273	80400	12.7
275	77200	12.7
277	75600	12.3
279	81200	12
282	76200	12.2
284	74500	12.6
286	82500	12.3
288	76000	12.1
290	82300	12.6
293	80200	12.2
295	74700	12.6
297	77800	12.4
299	71100	12.7
301	70900	12.7
304	76700	12.3
306	78600	12
308	78400	12.2
310	71400	12.6
312	76800	12.3
315	69700	12.1
317	78500	12.6
319	74900	12.2
321	77000	12.6
323	75800	12.4
326	70700	12.7
328	68600	12.7
330	77200	12.3
332	72600	12
334	74300	12.2
337	70800	12.6
339	76100	12.3
341	70700	12.1
343	77100	12.6
345	75300	12.2
348	73600	12.6
350	84100	12.4
352	71300	12.7
354	71800	12.7
356	69200	12.3
359	74800	12
361	77400	12.2
363	71400	12.6
365	83800	12.3
367	77400	12.1
370	61500	12.6
372	76700	12.2
374	81600	12.6
376	77500	12.4
378	75600	12.7
381	78700	12.7
383	77700	12.3
385	71400	12
387	76800	12.2
389	65200	12.6
392	78100	12.3
394	80500	12.1
396	73600	12.6
398	76100	12.2
400	82800	12.6
403	65900	12.4
405	71700	12.7
407	79100	12.7
409	79700	12.3
411	75300	12
414	73900	12.2
416	80500	12.6
418	75900	12.3
420	71300	12.1
422	71500	12.6
425	82200	12.2
427	73700	12.6
429	86500	12.4
431	82000	12.7
433	75500	12.7
436	73200	12.3
438	75100	12
440	73300	12.2
442	77200	12.6
444	69700	12.3
447	71000	12.1
449	75700	12.6
451	70000	12.2
453	74300	12.6
455	79000	12.4
458	66000	12.7
460	69500	12.7
462	64100	12.3
464	77000	12
466	72400	12.2
469	77700	12.6
471	75000	12.3
473	81700	12.1
475	77100	12.6
477	69500	12.2
480	73100	12.6
482	84600	12.4
484	57000	12.7
486	68600	12.7
488	79500	12.3
491	77500	12
493	77000	12.2
495	78200	12.6
497	76700	12.3
499	71900	12.1
502	75300	12.6
504	75600	12.2
506	74200	12.6
508	78600	12.4
510	78700	12.7
513	71600	12.7
515	76400	12.3
517	72500	12
519	81200	12.2
521	80000	12.6
524	78000	12.3
526	67500	12.1
528	70400	12.6
530	84100	12.2
532	78500	12.6
535	73100	12.4
537	63200	12.7
539	57400	12.7
541	68800	12.3
543	73000	12
546	76300	12.2
548	68800	12.6
550	77500	12.3
552	75100	12.1
554	81400	12.6
557	75400	12.2
559	72900	12.6
561	75500	12.4
563	74900	12.7
565	84500	12.7
568	79900	12.3
570	84800	12
572	81300	12.2
574	81900	12.6
576	79200	12.3
579	79500	12.1
581	83100	12.6
583	74600	12.2
585	80700	12.6
587	77400	12.4
590	80400	12.7
592	66300	12.7
594	68300	12.3
596	67800	12
598	70300	12.2
601	75900	12.6
603	75300	12.3
605	73200	12.1
607	71600	12.6
609	75500	12.2
612	75300	12.6
614	75800	12.4
616	79000	12.7
618	80500	12.7
620	68400	12.3
623	70000	12
625	73600	12.2
627	80300	12.6
629	79900	12.3
631	71700	12.1
634	69300	12.6
636	60800	12.2
638	79900	12.6
640	72500	12.4
642	80700	12.7
645	83200	12.7
647	73500	12.3
649	76200	12
651	67700	12.2
653	82000	12.6
656	74700	12.3
658	78300	12.1
660	74000	12.6
662	78800	12.2
664	77100	12.6
667	70100	12.4
669	65400	12.7
671	68200	12.7
673	70300	12.3
675	69700	12
678	80100	12.2
680	73400	12.6
682	74900	12.3
684	71300	12.1
686	76000	12.6
689	74000	12.2
691	84300	12.6
693	79400	12.4
695	74800	12.7
697	83100	12.7
700	79600	12.3
702	72000	12
704	69400	12.2
706	83200	12.6
708	80800	12.3
711	70300	12.1
713	79400	12.6
715	77600	12.2
717	77500	12.6
719	79500	12.4
722	74800	12.7
724	80300	12.7
726	77300	12.3
728	73000	12
730	77800	12.2
733	76900	12.6
735	80500	12.3
737	79700	12.1
739	80600	12.6
741	73900	12.2
744	72700	12.6
746	85500	12.4
748	79300	12.7
750	66900	12.7
752	79200	12.3
755	73800	12
757	80400	12.2
759	78900	12.6
761	83400	12.3
763	69400	12.1
766	66700	12.6
768	67800	12.2
770	83100	12.6
772	76700	12.4
774	80300	12.7
777	77900	12.7
779	75000	12.3
781	77000	12
783	74300	12.2
785	85300	12.6
788	80200	12.3
790	85500	12.1
792	72500	12.6
794	67800	12.2
796	75400	12.6
799	77300	12.4
801	81400	12.7
803	63300	12.7
805	76900	12.3
807	73100	12
810	75900	12.2
812	64400	12.6
814	74300	12.3
816	78900	12.1
818	67600	12.6
821	79400	12.2
823	64300	12.6
825	69000	12.4
827	78900	12.7
829	80300	12.7
832	73300	12.3
834	78500	12
836	79400	12.2
838	82800	12.6
840	79900	12.3
843	71200	12.1
845	77400	12.6
847	67000	12.2
849	65900	12.6
851	67200	12.4
854	72300	12.7
856	73700	12.7
858	70200	12.3
860	81700	12
862	79300	12.2
865	76400	12.6
867	69100	12.3
869	69900	12.1
871	67300	12.6
873	68700	12.2
876	75000	12.6
878	85500	12.4
880	75300	12.7
882	79300	12.7
884	70600	12.3
887	76100	12
889	77100	12.2
891	70100	12.6
893	65400	12.3
895	68200	12.1
898	70300	12.6
900	69700	12.2
902	80100	12.6
904	73400	12.4
906	74900	12.7
909	71300	12.7
911	76000	12.3
913	74000	12
915	84300	12.2
917	79400	12.6
920	74800	12.3
922	83100	12.1
924	79600	12.6
926	72000	12.2
928	69400	12.6
931	83200	12.4
933	80800	12.7
935	70300	12.7
937	79400	12.3
939	77600	12
942	77500	12.2
944	79500	12.6
946	74800	12.3
948	80300	12.1
950	77300	12.6
953	73000	12.2
955	77800	12.6
957	76900	12.4
959	80500	12.7
961	79700	12.7
964	80600	12.3
966	73900	12
968	72700	12.2
970	85500	12.6
972	79300	12.3
975	66900	12.1
977	79200	12.6
979	73800	12.2
981	80400	12.6
983	78900	12.4
986	83400	12.7
988	69400	12.7
990	66700	12.3
992	67800	12
994	83100	12.2
997	76700	12.6
999	80300	12.3
1001	77900	12.1
1003	75000	12.6
1005	77000	12.2
1007	74300	12.6
1009	85300	12.4
1011	80200	12.7
1013	85500	12.7
1015	72500	12.3
1017	67800	12
1019	75400	12.2
1021	77300	12.6
1023	81400	12.3
1025	63300	12.1
1027	76900	12.6
1029	73100	12.2
1031	75900	12.6
1033	64400	12.4
1035	74300	12.7
1037	78900	12.7
1039	67600	12.3
1041	79400	12
1043	64300	12.2
1045	69000	12.6
1047	78900	12.3
1049	80300	12.1
1051	73300	12.6
1053	78500	12.2
1055	79400	12.6
1057	82800	12.4
1059	79900	12.7
1061	71200	12.7
1063	77400	12.3
1065	67000	12
1067	65900	12.2
1069	67200	12.6
1071	72300	12.3
1073	73700	12.1
1075	70200	12.6
1077	81700	12.2
1079	79300	12.6
1081	76400	12.4
1083	69100	12.7
1085	69900	12.7
1087	67300	12.3
1089	68700	12
1091	75000	12.2
1093	85500	12.6
1095	75300	12.3
1097	79300	12.1
1099	70600	12.6
1101	76100	12.2
1103	77100	12.6
1105	70100	12.4
1107	65400	12.7
1109	68200	12.7
1111	70300	12.3
1113	69700	12
1115	80100	12.2
1117	73400	12.6
1119	74900	12.3
1121	71300	12.1
1123	76000	12.6
1125	74000	12.2
1127	84300	12.6
1129	79400	12.4
1131	74800	12.7
1133	83100	12.7
1135	79600	12.3
1137	72000	12
1139	69400	12.2
1141	83200	12.6
1143	80800	12.3
1145	70300	12.1
1147	79400	12.6
1149	77600	12.2
1151	77500	12.6
1153	79500	12.4
1155	74800	12.7
1157	80300	12.7
1159	77300	12.3
1161	73000	12
1163	77800	12.2
1165	76900	12.6
1167	80500	12.3
1169	79700	12.1
1171	80600	12.6
1173	73900	12.2
1175	72700	12.6
1177	85500	12.4
1179	79300	12.7
1181	66900	12.7
1183	79200	12.3
1185	73800	12
1187	80400	12.2
1189	78900	12.6
1191	83400	12.3
1193	69400	12.1
1195	66700	12.6
1197	67800	12.2
1199	83100	12.6
1201	76700	12.4
1203	80300	12.7
1205	77900	12.7
1207	75000	12.3
1209	77000	12
1211	74300	12.2
1213	85300	12.6
1215	80200	12.3
1217	85500	12.1
1219	72500	12.6
1221	67800	12.2
1223	75400	12.6
1225	77300	12.4
1227	81400	12.7
1229	63300	12.7
1231	76900	12.3
1233	73100	12
1235	75900	12.2
1237	64400	12.6
1239	74300	12.3
1241	78900	12.1
1243	67600	12.6
1245	79400	12.2
1247	64300	12.6
1249	69000	12.4
1251	78900	12.7
1253	80300	12.7
1255	73300	12.3
1257	78500	12
1259	79400	12.2
1261	82800	12.6
1263	79900	12.3
1265	71200	12.1
1267	77400	12.6
1269	67000	12.2
1271	65900	12.6
1273	67200	12.4
1275	72300	12.7
1277	73700	12.7
1279	70200	12.3
1281	81700	12
1283	79300	12.2
1285	76400	12.6
1287	69100	12.3
1289	69900	12.1
1291	67300	12.6
1293	68700	12.2
1295	75000	12.6
1297	85500	12.4
1299	75300	12.7
1301	79300	12.7
1303	70600	12.3
1305	76100	12
1307	77100	12.2
1309	70100	12.6
1311	65400	12.3
1313	68200	12.1
1315	70300	12.6
1317	69700	12.2
1319	80100	12.6
1321	73400	12.4
1323	74900	12.7
1325	71300	12.7
1327	76000	12.3
1329	74000	12
1331	84300	12.2
1333	79400	12.6
1335	74800	12.3
1337	83100	12.1
1339	79600	12.6
1341	72000	12.2
1343	69400	12.6
1345	83200	12.4
1347	80800	12.7
1349	70300	12.7
1351	79400	12.3
1353	77600	12
1355	77500	12.2
1357	79500	12.6
1359	74800	12.3
1361	80300	12.1
1363	77300	12.6
1365	73000	12.2
1367	77800	12.6
1369	76900	12.4
1371	80500	12.7
1373	79700	12.7
1375	80600	12.3
1377	73900	12
1379	72700	12.2
1381	85500	12.6
1383	79300	12.3
1385	66900	12.1
1387	79200	12.6
1389	73800	12.2
1391	80400	12.6
1393	78900	12.4
1395	83400	12.7
1397	69400	12.7
1399	66700	12.3
1401	67800	12
1403	83100	12.2
1405	76700	12.6
1407	80300	12.3
1409	77900	12.1
1411	75000	12.6
1413	77000	12.2
1415	74300	12.6
1417	85300	12.4
1419	80200	12.7
1421	85500	12.7
1423	72500	12.3
1425	67800	12
1427	75400	12.2
1429	77300	12.6
1431	81400	12.3
1433	63300	12.1
1435	76900	12.6
1437	73100	12.2
1439	75900	12.6
1441	64400	12.4
1443	74300	12.7
1445	78900	12.7
1447	67600	12.3
1449	79400	12
1451	64300	12.2
1453	69000	12.6
1455	78900	12.3
1457	80300	12.1
1459	73300	12.6
1461	78500	12.2
1463	79400	12.6
1465	82800	12.4
1467	79900	12.7
1469	71200	12.7
1471	77400	12.3
1473	67000	12
1475	65900	12.2
1477	67200	12.6
1479	72300	12.3
1481	73700	12.1
1483	70200	12.6
1485	81700	12.2
1487	79300	12.6
1489	76400	12.4
1491	69100	12.7
1493	69900	12.7
1495	67300	12.3
1497	68700	12
1499	75000	12.2
1501	85500	12.6
1503	75300	12.3
1505	79300	12.1
1507	70600	12.6
1509	76100	12.2
1511	73800	12.6
1513	80400	12.4
1515	78900	12.7
1517	83400	12.7
1519	69400	12.3
1521	66700	12
1523	67800	12.2
1525	83100	12.6
1527	76700	12.3
1529	80300	12.1
1531	77900	12.6
1533	75000	12.2
1535	77000	12.6
1537	74300	12.4
1539	85300	12.7
1541	80200	12.7
1543	85500	12.3
1545	72500	12
1547	67800	12.2
1549	75400	12.6
1551	77300	12.3
1553	81400	12.1
1555	63300	12.6
1557	76900	12.2
1559	73100	12.6
1561	75900	12.4
1563	64400	12.7
1565	74300	12.7
1567	78900	12.3
1569	67600	12
1571	79400	12.2
1573	64300	12.6
1575	69000	12.3
1577	78900	12.1
1579	80300	12.6
1581	73300	12.2
1583	78500	12.6
1585	79400	12.4
1587	82800	12.7
1589	79900	12.7
1591	71200	12.3
1593	77400	12
1595	67000	12.2
1597	65900	12.6
1599	67200	12.3
1601	72300	12.1
1603	73700	12.6
1605	70200	12.2
1607	81700	12.6
1609	79300	12.4
1611	76400	12.7
1613	69100	12.7
1615	69900	12.3
1617	67300	12
1619	68700	12.2
1621	75000	12.6
1623	85500	12.3
1625	75300	12.1
1627	79300	12.6
1629	70600	12.2
1631	76100	12.6
1633	77100	12.4
1635	70100	12.7
1637	65400	12.7
1639	68200	12.3
1641	70300	12
1643	69700	12.2
1645	80100	12.6
1647	73400	12.3
1649	74900	12.1
1651	71300	12.6
1653	76000	12.2
1655	74000	12.6
1657	84300	12.4
1659	79400	12.7
1661	74800	12.7
1663	83100	12.3
1665	79600	12
1667	72000	12.2
1669	69400	12.6
1671	83200	12.3
1673	80800	12.1
1675	70300	12.6
1677	79400	12.2
1679	77600	12.6
1681	77500	12.4
1683	79500	12.7
1685	74800	12.7
1687	80300	12.3
1689	77300	12
1691	73000	12.2
1693	77800	12.6
1695	76900	12.3
1697	80500	12.1
1699	79700	12.6
1701	80600	12.2
1703	73900	12.6
1705	72700	12.4
1707	85500	12.7
1709	79300	12.7
1711	66900	12.3
1713	79200	12
1715	73800	12.2
1717	80400	12.6
1719	78900	12.3
1721	83400	12.1
1723	69400	12.6
1725	66700	12.2
1727	67800	12.6
1729	83100	12.4
1731	76700	12.7
1733	80300	12.7
1735	77900	12.3
1737	75000	12
1739	77000	12.2
1741	74300	12.6
1743	85300	12.3
1745	80200	12.1
1747	85500	12.6
1749	72500	12.2
1751	67800	12.6
1753	75400	12.4
1755	77300	12.7
1757	81400	12.7
1759	63300	12.3
1761	76900	12
1763	73100	12.2
1765	75900	12.6
1767	64400	12.3
1769	74300	12.1
1771	78900	12.6
1773	67600	12.2
1775	79400	12.6
1777	64300	12.4
1779	69000	12.7
1781	78900	12.7
1783	80300	12.3
1785	73300	12
1787	78500	12.2
1789	79400	12.6
1791	82800	12.3
1793	79900	12.1
1795	71200	12.6
1797	77400	12.2
1799	67000	12.6
1801	65900	12.4
1803	67200	12.7
1805	72300	12.7
1807	73700	12.3
1809	70200	12
1811	81700	12.2
1813	79300	12.6
1815	76400	12.3
1817	69100	12.1
1819	69900	12.6
1821	67300	12.2
1823	68700	12.6
1825	75000	12.4
1827	85500	12.7
1829	75300	12.7
1831	79300	12.3
1833	70600	12
1835	76100	12.2
1837	73800	12.6
1839	80400	12.3
1841	78900	12.1
1843	83400	12.6
1845	69400	12.2
1847	66700	12.6
1849	67800	12.4
1851	83100	12.7
1853	76700	12.7
1855	80300	12.3
1857	77900	12
1859	75000	12.2
1861	77000	12.6
1863	74300	12.3
1865	85300	12.1
1867	80200	12.6
1869	85500	12.2
1871	72500	12.6
1873	67800	12.4
1875	75400	12.7
1877	77300	12.7
1879	81400	12.3
1881	63300	12
1883	76900	12.2
1885	73100	12.6
1887	75900	12.3
1889	64400	12.1
1891	74300	12.6
1893	78900	12.2
1895	67600	12.6
1897	79400	12.4
1899	64300	12.7
1901	69000	12.7
1903	78900	12.3
1905	80300	12
1907	73300	12.2
1909	78500	12.6
1911	79400	12.3
1913	82800	12.1
1915	79900	12.6
1917	71200	12.2
1919	77400	12.6
1921	67000	12.4
1923	65900	12.7
1925	67200	12.7
1927	72300	12.3
1929	73700	12
1931	70200	12.2
1933	81700	12.6
1935	79300	12.3
1937	76400	12.1
1939	69100	12.6
1941	69900	12.2
1943	67300	12.6
1945	68700	12.4
1947	75000	12.7
1949	85500	12.7
1951	75300	12.3
1953	79300	12
1955	70600	12.2
1957	76100	12.6
1959	77100	12.3
1961	70100	12.1
1963	65400	12.6
1965	68200	12.2
1967	70300	12.6
1969	69700	12.4
1971	80100	12.7
1973	73400	12.7
1975	74900	12.3
1977	71300	12
1979	76000	12.2
1981	74000	12.6
1983	84300	12.3
1985	79400	12.1
1987	74800	12.6
1989	83100	12.2
1991	79600	12.6
1993	72000	12.4
1995	69400	12.7
1997	83200	12.7
1999	80800	12.3
2001	70300	12
2003	79400	12.2
2005	77600	12.6
2007	77500	12.3
2009	79500	12.1
2011	74800	12.6
2013	80300	12.2
2015	77300	12.6
2017	73000	12.4
2019	77800	12.7
2021	76900	12.7
2023	80500	12.3
2025	79700	12
2027	80600	12.2
2029	73900	12.6
2031	72700	12.3
2033	85500	12.1
2035	79300	12.6
2037	66900	12.2
2039	79200	12.6
2041	73800	12.4
2043	80400	12.7
2045	78900	12.7
2047	83400	12.3
2049	69400	12
2051	66700	12.2
2053	67800	12.6
2055	83100	12.3
2057	76700	12.1
2059	80300	12.6
2061	77900	12.2
2063	75000	12.6
2065	77000	12.4
2067	74300	12.7
2069	85300	12.7
2071	80200	12.3
2073	85500	12
2075	72500	12.2
2077	67800	12.6
2079	75400	12.3
2081	77300	12.1
2083	81400	12.6
2085	63300	12.2
2087	76900	12.6
2089	73100	12.4
2091	75900	12.7
2093	64400	12.7
2095	74300	12.3
2097	78900	12
2099	67600	12.2
2101	79400	12.6
2103	64300	12.3
2105	69000	12.1
2107	75000	12.6
2109	77000	12.2
2111	74300	12.6
2113	85300	12.4
2115	80200	12.7
2117	85500	12.7
2119	72500	12.3
2121	67800	12
2123	75400	12.2
2125	77300	12.6
2127	81400	12.3
2129	63300	12.1
2131	76900	12.6
2133	73100	12.2
2135	75900	12.6
2137	64400	12.4
2139	74300	12.7
2141	78900	12.7
2143	67600	12.3
2145	79400	12
2147	64300	12.2
2149	69000	12.6
2151	75000	12.3
2153	77000	12.1
2155	74300	12.6
2157	85300	12.2
2159	80200	12.6
2161	85500	12.4
2163	72500	12.7
2165	67800	12.7
2167	75400	12.3
2169	77300	12
2171	81400	12.2
2173	63300	12.6
2175	76900	12.3
2177	73100	12.1
2179	75900	12.6
2181	64400	12.2
2183	74300	12.6
2185	78900	12.4
2187	67600	12.7
2189	79400	12.7
2191	64300	12.3
2193	69000	12
