40	22.9562 	21.3633 	20.0141 	20.0058 	20.0000 	20.0000 	20.0000 	20.0000 	20.0000 
150	37.5094 	29.0882 	21.7989 	20.7359 	20.0951 	20.4040 	20.2377 	20.0000 	20.0000 
300	62.6473 	42.6732 	25.2910 	22.1645 	20.2513 	21.0678 	20.6281 	20.0000 	20.0000 
450	86.5875 	58.4918 	33.7085 	27.1429 	22.6190 	22.6894 	21.3528 	20.0000 	20.0000 
600	113.9633 	75.4832 	41.5059 	32.2939 	25.7720 	25.3030 	22.5974 	20.0000 	20.0000 
750	146.8914 	94.8541 	48.9851 	37.0418 	28.2963 	26.7456 	23.1938 	20.0000 	20.0000 
900	189.3534 	119.7143 	58.4378 	43.1564 	30.9850 	25.8115 	22.3088 	20.0000 	20.0000 
1050	264.3180 	162.2436 	72.7241 	52.2559 	35.3664 	26.5288 	22.8796 	21.0317 	20.0000 
1200	342.3889 	208.6741 	91.1652 	62.7884 	40.1128 	30.2647 	25.9284 	24.7289 	28.4738 
1350	391.2683 	236.3800 	101.1476 	74.0223 	50.8922 	36.7515 	29.8309 	27.2645 	31.9923 
1500	435.0035 	261.4846 	111.0855 	87.8451 	65.0216 	43.1361 	33.4007 	30.0865 	36.0265 
1650	478.7388 	288.2832 	124.0629 	104.1366 	81.8400 	54.2100 	41.2144 	35.6448 	40.1943 
1800	511.6938 	309.1403 	134.8173 	115.7621 	97.1383 	79.4851 	60.6926 	45.7150 	44.5924 
1950	531.7242 	328.3883 	152.2779 	125.9081 	104.8595 	95.7837 	79.8044 	62.8608 	49.6065 
2100	548.5935 	345.8539 	169.0666 	135.0175 	108.9713 	100.9318 	95.1964 	84.5265 	55.1041 
2250	571.6938 	366.0295 	185.2189 	141.1039 	109.3884 	105.5718 	102.8854 	93.4334 	60.2995 
2400	594.6016 	386.1168 	201.4013 	147.4170 	108.6580 	104.1558 	103.1169 	96.0163 	65.2473 
2550	617.5626 	406.2286 	217.8195 	155.4978 	110.4841 	104.4130 	103.0644 	96.9289 	70.1143 
2700	639.2470 	425.7552 	234.5262 	165.7431 	115.2958 	106.1039 	103.8961 	98.3913 	74.9122 
2850	660.0111 	446.4580 	254.1938 	179.0188 	122.8956 	109.6392 	106.5224 	101.5347 	80.1714 
3000	674.3244 	463.3791 	272.2888 	190.4004 	128.2828 	110.6494 	105.9452 	101.1121 	82.9202 
3150	691.2683 	481.1134 	289.8557 	202.5325 	134.9784 	111.9048 	105.3207 	100.6128 	85.6690 
3300	707.5520 	497.9250 	306.4072 	214.4899 	142.2307 	114.2025 	105.7143 	100.8237 	88.3855 
3450	718.0484 	510.4792 	320.2181 	225.1515 	149.0351 	115.5565 	107.0899 	103.5110 	91.2119 
3600	730.4172 	524.5910 	335.3909 	237.6343 	158.0299 	119.2677 	109.5533 	106.1683 	94.8338 
3750	745.3581 	539.8376 	350.3511 	249.0524 	165.7165 	122.7966 	111.4677 	107.8706 	98.4558 
3900	761.4023 	553.9206 	362.6854 	260.8060 	175.7182 	128.4114 	113.6589 	108.0237 	100.2247 
4050	773.3352 	566.5473 	375.6916 	272.4635 	185.2627 	134.1233 	115.4405 	107.3262 	101.9840 
4200	790.2754 	580.9553 	387.6996 	282.7971 	193.6867 	140.1084 	118.0279 	107.4948 	103.9551 
4350	805.7896 	595.2570 	400.7961 	294.7294 	203.5267 	145.7677 	120.9524 	108.8451 	106.1541 
4500	815.6300 	606.9581 	413.7951 	305.9307 	212.5541 	151.7749 	125.5040 	112.3392 	108.3531 
4650	824.3321 	617.2517 	425.2699 	316.3302 	221.4850 	158.3524 	129.2654 	114.0660 	111.1127 
4800	832.0991 	627.7003 	437.8334 	327.8916 	231.3860 	165.1117 	133.7235 	116.9283 	113.8904 
4950	840.3592 	637.2390 	448.5137 	338.9610 	241.7143 	172.1558 	138.8981 	121.0466 	118.2488 
5100	849.9014 	647.7226 	459.7341 	349.7928 	251.7576 	180.5108 	145.2945 	125.9786 	123.6336 
5250	855.3818 	656.3732 	470.9454 	360.2116 	261.0751 	188.0324 	151.3567 	130.7521 	127.3501 
5400	867.8641 	667.6872 	481.0742 	369.0620 	268.8757 	195.2975 	157.3558 	135.6876 	132.6278 
5550	878.2541 	676.7520 	489.0740 	377.4280 	277.2885 	203.0385 	163.4576 	140.3674 	137.5770 
5700	885.0902 	684.8787 	498.3717 	387.2393 	287.0118 	211.3201 	169.9512 	145.3406 	142.2683 
5850	896.7529 	695.8831 	508.7824 	397.4119 	295.9184 	216.6481 	173.9889 	149.1846 	147.2857 
6000	898.0768 	702.3521 	519.3352 	406.2116 	302.9492 	221.8745 	178.1049 	152.9351 	152.4599 
6150	899.8262 	707.6482 	527.9091 	416.5839 	314.0131 	231.1400 	185.8490 	159.2756 	157.5121 
6300	908.5023 	716.1191 	536.1135 	424.1847 	321.3911 	239.1515 	192.9713 	165.1489 	162.4599 
6450	915.0626 	724.2623 	545.4472 	432.5507 	328.8870 	245.9971 	199.3269 	170.9434 	167.2960 
6600	921.6229 	732.5127 	555.0265 	441.4719 	336.7887 	252.0661 	205.1477 	176.7028 	172.0324 
6750	928.1832 	741.2723 	565.4401 	450.5411 	344.7477 	259.4420 	211.0709 	181.3578 	176.9034 
6900	934.7435 	749.1981 	574.5390 	459.7547 	353.8087 	267.7492 	217.4288 	185.9975 	181.7901 
7050	942.4598 	757.5287 	583.3959 	468.6532 	362.6917 	276.4877 	225.2447 	192.6575 	187.2961 
7200	948.2896 	765.1418 	592.4151 	477.0042 	370.8610 	285.5700 	234.7186 	201.6017 	193.1602 
7350	952.6867 	772.2331 	601.6433 	485.3043 	377.9525 	290.8220 	240.0184 	207.3910 	199.0243 
7500	957.9350 	779.6848 	610.8328 	493.6699 	385.4271 	297.2543 	246.7699 	214.4309 	204.8884 
7650	962.8350 	786.9091 	619.8399 	501.4834 	392.4839 	304.5377 	254.4589 	222.0411 	210.6259 
7800	968.3283 	794.4388 	628.9041 	509.3203 	399.6667 	312.3563 	259.7691 	225.2704 	216.3434 
7950	975.4849 	802.3149 	637.3978 	517.8716 	408.0131 	319.9071 	267.1730 	232.3011 	221.5980 
8100	978.4637 	807.2756 	644.1270 	525.1948 	415.7056 	327.4632 	275.3247 	240.2585 	225.9961 
8250	979.7789 	811.4740 	650.6764 	531.1700 	421.7226 	334.9083 	283.6643 	248.3100 	230.3507 
8400	981.1028 	816.0514 	658.0947 	539.1593 	429.5847 	341.0722 	288.9641 	252.9653 	234.2601 
8550	989.8499 	825.8132 	668.4055 	547.4567 	436.3265 	347.2882 	294.8187 	258.2602 	238.1695 
8700	996.5165 	832.7456 	675.6619 	555.3573 	444.2682 	353.9136 	301.0623 	263.9983 	242.0552 
8850	1001.6229 	838.8379 	682.6490 	562.7394 	451.6569 	360.4354 	307.5421 	270.1191 	245.9358 
9000	1006.3940 	845.1338 	689.8550 	567.4747 	455.7699 	368.0849 	314.4877 	275.1797 	249.4142 
9150	1010.8191 	850.8343 	696.5967 	573.9683 	462.2126 	374.9206 	320.4591 	279.8614 	252.6456 
9300	1015.4669 	856.6469 	703.5557 	581.9731 	470.1921 	380.4648 	325.5739 	284.6746 	255.5777 
9450	1020.7246 	863.8506 	712.3774 	590.6083 	478.6740 	388.8676 	333.3868 	291.0914 	258.4222 
9600	1026.5559 	870.1899 	719.1342 	597.2858 	485.0430 	394.4124 	338.7927 	296.0201 	261.0611 
9750	1025.5827 	872.9295 	724.9679 	602.8102 	490.4185 	400.0000 	344.0981 	300.5604 	263.7201 
9900	1025.4269 	875.8543 	730.5259 	608.5402 	496.6907 	407.6479 	350.7359 	305.3790 	266.4078 
10050	1030.1980 	881.4803 	736.8013 	614.3362 	502.0275 	412.5709 	355.8048 	310.1961 	269.0881 
10200	1030.8428 	884.8154 	742.4627 	620.3207 	507.9595 	417.6055 	360.7058 	314.7326 	271.7270 
10350	1032.9317 	888.5693 	747.7457 	626.3853 	514.2915 	423.0476 	365.7379 	319.1497 	274.3658 
10500	1037.6797 	893.5420 	752.8534 	631.1352 	519.4863 	430.4935 	372.1343 	323.5668 	277.0047 
10650	1040.3038 	897.5412 	758.0284 	636.3901 	524.4103 	434.1624 	376.2377 	327.8474 	278.9151 
10800	1048.5462 	904.1154 	763.3304 	642.5974 	530.2130 	436.6130 	379.0130 	331.1321 	279.6482 
