30 41.7079 22.0185 20.1905 20.018 20.0017 20.0002 20 20 20
60 63.6283 26.3904 20.8274 20.0995 20.0114 20.0013 20.0001 20 20
90 85.4515 32.6658 22.0899 20.308 20.042 20.0054 20.0007 20.0001 20
120 104.976 40.1291 24.0308 20.7059 20.1119 20.0165 20.0023 20.0003 20.0001
150 121.12 47.9917 26.5847 21.3383 20.2428 20.0404 20.0063 20.0009 20.0003
180 137.147 55.8516 29.6311 22.226 20.4555 20.0846 20.0146 20.0024 20.0007
210 153.387 63.5716 33.0475 23.3686 20.7669 20.1575 20.0298 20.0054 20.0017
240 170.006 71.1312 36.7346 24.7516 21.1893 20.2676 20.0552 20.0108 20.0037
270 187.134 78.5562 40.6199 26.3531 21.7295 20.4226 20.0943 20.0201 20.0073
300 204.879 85.8918 44.6549 28.1496 22.3899 20.6293 20.1511 20.0347 20.0134
330 222.85 93.1734 48.808 30.1184 23.1694 20.893 20.2294 20.0564 20.0231
360 240.724 100.444 53.0584 32.2397 24.065 21.2176 20.3329 20.0874 20.0377
390 258.408 107.952 57.385 34.4957 25.0718 21.6058 20.4648 20.1297 20.0587
420 275.843 115.954 61.7673 36.8703 26.1843 22.0591 20.6283 20.1855 20.0879
450 292.974 124.396 66.1911 39.349 27.3966 22.5781 20.8257 20.2572 20.1271
480 309.771 133.212 70.6479 41.9192 28.7022 23.1625 21.0593 20.3469 20.1782
510 326.209 142.319 75.1343 44.5705 30.0951 23.8115 21.3308 20.4567 20.2431
540 342.265 151.642 79.62 47.2917 31.5692 24.5239 21.6416 20.5886 20.3238
570 357.927 161.1 84.0931 50.072 33.1184 25.2979 21.9925 20.7444 20.4223
600 373.182 170.619 88.5626 52.9028 34.7367 26.1317 22.3843 20.9259 20.5403
630 388.024 180.13 93.0268 55.7774 36.4186 27.023 22.8174 21.1346 20.6795
660 402.447 189.58 97.426 58.6852 38.1586 27.9695 23.2918 21.3717 20.8417
690 416.455 198.917 101.882 61.6197 39.9513 28.9689 23.8076 21.6386 21.0283
720 430.053 208.114 106.426 64.5776 41.7918 30.0186 24.3644 21.9362 21.2405
750 443.243 217.15 111.153 67.5473 43.6753 31.1161 24.9618 22.2652 21.4797
780 456.029 226.021 116.023 70.5266 45.5971 32.2589 25.5992 22.6265 21.7468
810 468.415 234.727 121.031 73.5119 47.5531 33.4445 26.276 23.0204 22.0426
840 480.406 243.264 126.16 76.493 49.5391 34.6704 26.9913 23.4473 22.368
870 492.011 251.635 131.382 79.4775 51.5518 35.9341 27.7441 23.9075 22.7234
900 503.236 259.839 136.684 82.4456 53.5871 37.2333 28.5337 24.4009 23.1093
930 514.091 267.876 142.042 85.4051 55.6418 38.5657 29.3589 24.9277 23.526
960 524.586 275.749 147.44 88.3525 57.713 39.9291 30.2186 25.4874 23.9737
990 534.732 283.458 152.861 91.2764 59.7974 41.3212 31.1118 26.0801 24.4522
1020 544.539 291.006 158.288 94.1969 61.8936 42.7401 32.0374 26.7051 24.9617
1050 554.019 298.396 163.709 97.0729 63.9975 44.1838 32.9941 27.3622 25.5019
1080 563.183 305.629 169.11 99.9614 66.1092 45.6504 33.9808 28.0508 26.0725
1110 572.044 312.71 174.48 102.868 68.2235 47.1381 34.9964 28.7703 26.6732
1140 580.612 319.64 179.809 105.813 70.3414 48.6453 36.0397 29.52 27.3035
1170 588.901 326.423 185.087 108.838 72.4578 50.1701 37.1095 30.2993 27.963
1200 596.919 333.063 190.309 111.911 74.5747 51.7111 38.2047 31.1074 28.6509
1230 604.68 339.563 195.465 115.044 76.6866 53.2666 39.3241 31.9436 29.3668
1260 612.194 345.927 200.552 118.222 78.7966 54.8354 40.4665 32.8069 30.1099
1290 619.472 352.157 205.567 121.447 80.8982 56.4159 41.6309 33.6966 30.8794
1320 626.524 358.258 210.51 124.709 82.9966 58.0071 42.8161 34.6118 31.6748
1350 633.359 364.234 215.378 128.005 85.0822 59.6075 44.0211 35.5515 32.4951
1380 639.987 370.087 220.176 131.327 87.1651 61.2162 45.2448 36.515 33.3395
1410 646.418 375.821 224.903 134.671 89.2292 62.8316 46.486 37.5013 34.2072
1440 652.66 381.439 229.56 138.032 91.2941 64.4534 47.7439 38.5094 35.0974
1470 658.721 386.946 234.149 141.406 93.3306 66.0794 49.0174 39.5385 36.0092
1500 664.609 392.344 238.67 144.789 95.3697 67.7095 50.3054 40.5876 36.9417
1530 670.333 397.636 243.126 148.175 97.3768 69.3417 51.607 41.6559 37.8941
1560 675.899 402.826 247.517 151.562 99.3858 70.976 52.9211 42.7423 38.8654
1590 681.314 407.916 251.844 154.945 101.401 72.6105 54.2469 43.8459 39.8548
1620 686.584 412.911 256.11 158.322 103.427 74.245 55.5833 44.9659 40.8614
1650 691.716 417.812 260.314 161.69 105.483 75.8783 56.9294 46.1013 41.8843
1680 696.716 422.622 264.459 165.045 107.57 77.5094 58.2843 47.2513 42.9226
1710 701.59 427.344 268.546 168.386 109.68 79.1383 59.6472 48.4148 43.9755
1740 706.342 431.981 272.575 171.71 111.82 80.7621 61.0171 49.5911 45.042
1770 710.977 436.535 276.549 175.015 113.981 82.384 62.3933 50.7792 46.1214
1800 715.501 441.009 280.468 178.299 116.168 83.9965 63.7746 51.9784 47.2128
1830 719.918 445.405 284.334 181.561 118.376 85.6052 65.1603 53.1876 48.3153
1860 724.233 449.726 288.148 184.798 120.605 87.2031 66.5494 54.4061 49.428
1890 728.449 453.973 291.911 188.01 122.851 88.7947 67.9411 55.633 50.5503
1920 732.57 458.149 295.624 191.195 125.114 90.3756 69.3344 56.8674 51.6811
1950 736.6 462.255 299.289 194.352 127.392 91.946 70.7285 58.1085 52.8198
1980 740.542 466.295 302.906 197.481 129.683 93.5083 72.1227 59.3554 53.9654
2010 744.4 470.27 306.477 200.58 131.985 95.052 73.5158 60.6074 55.1173
2040 748.178 474.182 310.002 203.65 134.297 96.5945 74.9077 61.8635 56.2745
2070 751.877 478.032 313.484 206.69 136.617 98.1048 76.2964 63.1231 57.4364
2100 755.501 481.823 316.921 209.701 138.945 99.6154 77.6818 64.3851 58.602
2130 759.053 485.555 320.317 212.683 141.278 101.125 79.0621 65.6489 59.7708
2160 762.534 489.231 323.672 215.637 143.615 102.638 80.4371 66.9134 60.9417
2190 765.949 492.853 326.986 218.564 145.956 104.169 81.8057 68.178 62.1141
2220 769.298 496.422 330.26 221.462 148.298 105.717 83.1668 69.4417 63.2873
2250 772.585 499.938 333.497 224.334 150.642 107.279 84.5202 70.7038 64.4603
2280 775.81 503.405 336.695 227.179 152.985 108.86 85.8635 71.9634 65.6324
2310 778.978 506.822 339.857 229.999 155.326 110.453 87.1982 73.2198 66.803
2340 782.088 510.192 342.983 232.792 157.666 112.062 88.5193 74.4718 67.9711
2370 785.144 513.515 346.073 235.561 160.002 113.685 89.8312 75.719 69.136
2400 788.147 516.794 349.13 238.305 162.334 115.323 91.1254 76.96 70.297
2430 791.098 520.028 352.152 241.024 164.662 116.974 92.4088 78.1943 71.4532
2460 793.999 523.219 355.142 243.719 166.983 118.638 93.6716 79.4206 72.6038
2490 796.853 526.369 358.1 246.391 169.299 120.314 94.9224 80.6383 73.748
2520 799.659 529.478 361.026 249.04 171.607 122.001 96.1489 81.846 74.8849
2550 802.421 532.548 363.921 251.665 173.907 123.699 97.3623 83.0432 76.0136
2580 805.138 535.578 366.786 254.269 176.199 125.406 98.5466 84.2284 77.1334
2610 807.813 538.572 369.622 256.85 178.481 127.123 99.7179 85.4012 78.2433
2640 810.446 541.528 372.429 259.41 180.754 128.848 100.88 86.5596 79.3424
2670 813.039 544.448 375.207 261.948 183.017 130.581 102.04 87.7036 80.4299
2700 815.594 547.334 377.958 264.465 185.269 132.32 103.214 88.8306 81.5046
2730 818.11 550.185 380.682 266.962 187.51 134.066 104.395 89.9414 82.5657
2760 820.589 553.003 383.379 269.438 189.738 135.818 105.588 91.032 83.612
2790 823.033 555.788 386.05 271.894 191.955 137.574 106.788 92.1039 84.6426
2820 825.441 558.542 388.695 274.331 194.159 139.336 107.998 93.1526 85.6561
2850 827.816 561.264 391.316 276.747 196.35 141.1 109.217 94.179 86.6514
2880 830.157 563.956 393.912 279.145 198.528 142.868 110.445 95.1808 87.6274
2910 832.467 566.619 396.483 281.524 200.692 144.639 111.682 96.1551 88.5824
2940 834.745 569.252 399.032 283.885 202.842 146.412 112.928 97.1058 89.5159
2970 836.992 571.856 401.557 286.227 204.978 148.186 114.182 98.0206 90.4256
3000 839.21 574.433 404.059 288.551 207.101 149.961 115.444 98.9078 91.3104
3030 841.398 576.983 406.539 290.857 209.21 151.736 116.714 99.7622 92.1691
3060 843.559 579.506 408.997 293.145 211.305 153.511 117.992 100.6 92.9993
3090 845.691 582.003 411.433 295.417 213.387 155.286 119.278 101.431 93.8007
3120 847.797 584.474 413.848 297.671 215.455 157.059 120.57 102.27 94.5714
3150 849.877 586.92 416.243 299.908 217.511 158.83 121.869 103.112 95.3089
3180 851.931 589.342 418.617 302.129 219.552 160.6 123.174 103.958 96.0144
3210 853.959 591.74 420.971 304.334 221.581 162.366 124.484 104.808 96.6872
3240 855.964 594.114 423.305 306.522 223.597 164.13 125.799 105.662 97.3237
3270 857.944 596.465 425.62 308.694 225.6 165.889 127.119 106.521 97.928
3300 859.901 598.794 427.915 310.851 227.59 167.645 128.443 107.384 98.5058
3330 861.835 601.1 430.192 312.992 229.567 169.396 129.771 108.251 99.047
3360 863.747 603.385 432.451 315.118 231.532 171.143 131.102 109.122 99.562
3390 865.637 605.648 434.691 317.228 233.484 172.883 132.436 109.998 100.074
3420 867.506 607.89 436.913 319.323 235.423 174.619 133.773 110.881 100.652
3450 869.353 610.112 439.117 321.404 237.35 176.348 135.113 111.773 101.271
3480 871.18 612.313 441.305 323.47 239.265 178.07 136.455 112.678 101.923
3510 872.988 614.495 443.475 325.521 241.167 179.786 137.8 113.596 102.602
3540 874.775 616.657 445.628 327.559 243.057 181.495 139.147 114.528 103.305
3570 876.543 618.8 447.764 329.582 244.935 183.196 140.498 115.475 104.031
3600 878.293 620.924 449.884 331.591 246.801 184.89 141.852 116.437 104.777
3630 880.024 623.029 451.988 333.586 248.655 186.577 143.21 117.414 105.542
3660 881.737 625.117 454.076 335.567 250.497 188.257 144.571 118.406 106.325
3690 883.432 627.186 456.149 337.535 252.328 189.929 145.937 119.412 107.126
3720 885.11 629.238 458.205 339.49 254.148 191.594 147.306 120.433 107.943
3750 886.771 631.273 460.247 341.431 255.956 193.251 148.68 121.468 108.777
3780 888.415 633.29 462.274 343.36 257.754 194.902 150.057 122.516 109.627
3810 890.043 635.291 464.285 345.275 259.541 196.545 151.44 123.579 110.492
3840 891.655 637.275 466.282 347.178 261.317 198.181 152.826 124.655 111.372
3870 893.251 639.243 468.265 349.069 263.083 199.81 154.217 125.745 112.268
3900 894.831 641.196 470.233 350.947 264.839 201.433 155.612 126.847 113.179
3930 896.397 643.132 472.188 352.813 266.585 203.049 157.012 127.963 114.107
3960 897.947 645.053 474.128 354.668 268.322 204.658 158.416 129.092 115.051
3990 899.483 646.959 476.055 356.511 270.049 206.262 159.824 130.233 116.012
4020 901.004 648.85 477.969 358.342 271.767 207.86 161.237 131.388 116.989
4050 902.512 650.726 479.869 360.162 273.477 209.452 162.654 132.555 117.981
4080 904.005 652.587 481.756 361.971 275.177 211.04 164.076 133.735 118.988
4110 905.485 654.434 483.631 363.77 276.87 212.622 165.502 134.926 120.009
4140 906.951 656.268 485.493 365.557 278.554 214.2 166.933 136.13 121.044
4170 908.405 658.087 487.342 367.335 280.231 215.773 168.367 137.346 122.092
4200 909.845 659.892 489.18 369.102 281.899 217.341 169.806 138.574 123.154
4230 911.273 661.684 491.005 370.859 283.56 218.906 171.25 139.813 124.228
4260 912.688 663.463 492.818 372.606 285.214 220.467 172.697 141.064 125.314
4290 914.091 665.229 494.62 374.344 286.861 222.024 174.148 142.325 126.413
4320 915.481 666.982 496.41 376.072 288.501 223.578 175.604 143.597 127.523
4350 916.86 668.722 498.189 377.791 290.135 225.128 177.063 144.88 128.645
4380 918.228 670.45 499.957 379.501 291.762 226.675 178.526 146.174 129.778
4410 919.583 672.166 501.715 381.202 293.382 228.219 179.993 147.477 130.922
4440 920.928 673.869 503.461 382.895 294.997 229.76 181.463 148.791 132.077
4470 922.261 675.561 505.197 384.579 296.605 231.298 182.936 150.114 133.242
4500 923.584 677.241 506.922 386.255 298.208 232.833 184.413 151.447 134.418
4530 924.895 678.91 508.638 387.923 299.805 234.366 185.892 152.789 135.603
4560 926.196 680.567 510.343 389.582 301.397 235.897 187.374 154.141 136.798
4590 927.487 682.213 512.039 391.234 302.983 237.424 188.859 155.501 138.003
4620 928.768 683.848 513.725 392.879 304.565 238.95 190.346 156.87 139.217
4650 930.038 685.472 515.402 394.516 306.141 240.473 191.835 158.247 140.439
4680 931.298 687.086 517.069 396.146 307.712 241.994 193.325 159.632 141.67
4710 932.549 688.689 518.727 397.768 309.278 243.513 194.817 161.025 142.91
4740 933.79 690.282 520.376 399.384 310.84 245.029 196.31 162.426 144.157
4770 935.022 691.864 522.016 400.993 312.397 246.544 197.804 163.834 145.413
4800 936.244 693.437 523.648 402.595 313.949 248.056 199.299 165.249 146.676
4830 937.457 695 525.271 404.19 315.498 249.567 200.793 166.671 147.946
4860 938.661 696.553 526.886 405.779 317.041 251.075 202.288 168.099 149.223
4890 939.856 698.097 528.493 407.362 318.581 252.581 203.782 169.533 150.506
4920 941.042 699.631 530.091 408.939 320.117 254.085 205.276 170.972 151.796
4950 942.22 701.157 531.682 410.509 321.648 255.587 206.769 172.417 153.091
4980 943.389 702.673 533.265 412.074 323.175 257.087 208.262 173.867 154.392
5010 944.55 704.18 534.84 413.633 324.699 258.584 209.754 175.321 155.699
5040 945.702 705.679 536.408 415.186 326.218 260.08 211.244 176.779 157.01
5070 946.847 707.168 537.968 416.733 327.734 261.573 212.734 178.241 158.325
5100 947.983 708.65 539.521 418.275 329.246 263.064 214.222 179.705 159.644
5130 949.111 710.123 541.067 419.811 330.754 264.553 215.709 181.172 160.967
5160 950.232 711.587 542.606 421.342 332.258 266.039 217.194 182.641 162.293
5190 951.345 713.044 544.138 422.868 333.759 267.523 218.677 184.112 163.621
5220 952.45 714.492 545.663 424.388 335.256 269.005 220.158 185.583 164.951
5250 953.548 715.933 547.182 425.903 336.749 270.484 221.637 187.054 166.283
5280 954.638 717.366 548.694 427.414 338.239 271.96 223.113 188.525 167.615
5310 955.721 718.791 550.199 428.919 339.725 273.434 224.586 189.994 168.948
5340 956.797 720.209 551.698 430.419 341.207 274.905 226.057 191.462 170.28
5370 957.866 721.619 553.191 431.915 342.686 276.373 227.524 192.926 171.611
5400 958.928 723.023 554.677 433.405 344.161 277.838 228.988 194.387 172.941
5430 959.983 724.418 556.158 434.891 345.632 279.3 230.448 195.844 174.267
5460 961.031 725.807 557.632 436.372 347.1 280.758 231.905 197.296 175.591
5490 962.073 727.189 559.101 437.849 348.564 282.214 233.357 198.741 176.911
5520 963.108 728.564 560.564 439.321 350.025 283.666 234.805 200.179 178.225
5550 964.136 729.932 562.02 440.788 351.481 285.114 236.248 201.61 179.534
5580 965.158 731.293 563.472 442.251 352.934 286.558 237.686 203.032 180.837
5610 966.174 732.648 564.917 443.709 354.383 287.999 239.119 204.446 182.132
5640 967.183 733.996 566.357 445.163 355.829 289.436 240.546 205.85 183.418
5670 968.186 735.338 567.792 446.612 357.27 290.869 241.968 207.245 184.695
5700 969.183 736.673 569.221 448.057 358.708 292.297 243.384 208.63 185.962
5730 970.174 738.003 570.645 449.497 360.141 293.721 244.794 210.005 187.218
5760 971.159 739.325 572.063 450.933 361.571 295.141 246.197 211.369 188.462
5790 972.138 740.642 573.476 452.364 362.996 296.556 247.593 212.722 189.693
5820 973.111 741.953 574.884 453.791 364.417 297.966 248.983 214.064 190.91
5850 974.078 743.258 576.287 455.213 365.834 299.371 250.365 215.394 192.113
5880 975.04 744.557 577.684 456.632 367.247 300.771 251.739 216.713 193.301
5910 975.996 745.85 579.077 458.045 368.655 302.165 253.106 218.019 194.472
5940 976.947 747.137 580.464 459.454 370.059 303.554 254.465 219.312 195.627
5970 977.892 748.418 581.847 460.859 371.459 304.938 255.816 220.593 196.766
6000 978.832 749.694 583.224 462.26 372.854 306.316 257.158 221.861 197.886
6030 979.766 750.964 584.597 463.655 374.244 307.687 258.492 223.116 198.99
6060 980.695 752.229 585.965 465.047 375.629 309.053 259.817 224.359 200.075
6090 981.619 753.488 587.327 466.433 377.01 310.413 261.133 225.588 201.144
6120 982.537 754.742 588.685 467.816 378.386 311.766 262.44 226.804 202.198
6150 983.45 755.99 590.038 469.193 379.757 313.113 263.738 228.008 203.238
6180 984.359 757.233 591.386 470.566 381.122 314.453 265.027 229.199 204.265
6210 985.262 758.471 592.73 471.935 382.483 315.787 266.306 230.379 205.279
6240 986.16 759.704 594.068 473.299 383.838 317.113 267.576 231.547 206.281
6270 987.054 760.931 595.402 474.658 385.189 318.433 268.837 232.703 207.27
6300 987.942 762.153 596.731 476.012 386.533 319.746 270.089 233.848 208.249
6330 988.826 763.37 598.055 477.361 387.873 321.052 271.332 234.982 209.216
6360 989.705 764.582 599.374 478.706 389.207 322.351 272.565 236.106 210.173
6390 990.579 765.788 600.689 480.046 390.535 323.643 273.79 237.219 211.119
6420 991.449 766.99 601.999 481.381 391.858 324.928 275.006 238.322 212.055
6450 992.314 768.187 603.304 482.711 393.175 326.206 276.213 239.414 212.98
6480 993.174 769.378 604.604 484.037 394.487 327.477 277.411 240.497 213.896
6510 994.03 770.565 605.9 485.357 395.793 328.74 278.601 241.571 214.803
6540 994.882 771.747 607.191 486.672 397.093 329.997 279.782 242.635 215.7
6570 995.729 772.924 608.477 487.983 398.387 331.246 280.955 243.689 216.588
6600 996.571 774.096 609.758 489.288 399.676 332.489 282.119 244.734 217.467
6630 997.409 775.263 611.034 490.588 400.959 333.724 283.275 245.771 218.338
6660 998.243 776.425 612.306 491.884 402.236 334.953 284.423 246.798 219.199
6690 999.073 777.583 613.573 493.174 403.507 336.174 285.563 247.817 220.053
6720 999.898 778.735 614.835 494.459 404.772 337.389 286.695 248.827 220.898
6750 1000.72 779.883 616.092 495.738 406.032 338.596 287.819 249.829 221.734
6780 1001.54 781.026 617.344 497.013 407.285 339.797 288.935 250.822 222.563
6810 1002.35 782.165 618.592 498.283 408.533 340.99 290.043 251.808 223.384
6840 1003.16 783.298 619.835 499.547 409.775 342.177 291.144 252.785 224.197
6870 1003.96 784.427 621.073 500.806 411.011 343.357 292.237 253.754 225.003
6900 1004.76 785.551 622.306 502.06 412.241 344.531 293.322 254.716 225.801
6930 1005.56 786.671 623.535 503.309 413.465 345.697 294.4 255.669 226.592
6960 1006.35 787.786 624.758 504.552 414.684 346.857 295.471 256.615 227.375
6990 1007.14 788.896 625.977 505.791 415.896 348.011 296.534 257.554 228.151
7020 1007.93 790.001 627.191 507.024 417.103 349.158 297.59 258.485 228.921
7050 1008.71 791.102 628.4 508.252 418.304 350.298 298.639 259.409 229.683
7080 1009.49 792.199 629.604 509.474 419.499 351.431 299.681 260.325 230.438
7110 1010.26 793.29 630.804 510.692 420.688 352.559 300.716 261.235 231.187
7140 1011.03 794.378 631.998 511.904 421.872 353.679 301.744 262.137 231.929
7170 1011.8 795.46 633.188 513.111 423.05 354.794 302.765 263.032 232.664
7200 1012.56 796.538 634.373 514.313 424.222 355.902 303.779 263.921 233.393
7230 1013.32 797.611 635.553 515.509 425.388 357.004 304.787 264.802 234.116
7260 1014.07 798.68 636.729 516.701 426.548 358.099 305.788 265.677 234.832
7290 1014.82 799.745 637.899 517.887 427.703 359.188 306.782 266.546 235.542
7320 1015.57 800.804 639.065 519.068 428.853 360.271 307.77 267.407 236.246
7350 1016.32 801.86 640.226 520.244 429.996 361.348 308.751 268.263 236.944
7380 1017.06 802.911 641.382 521.415 431.134 362.419 309.726 269.111 237.636
7410 1017.79 803.957 642.534 522.58 432.266 363.484 310.695 269.954 238.322
7440 1018.53 804.999 643.68 523.74 433.393 364.543 311.657 270.79 239.002
7470 1019.26 806.037 644.822 524.896 434.514 365.595 312.613 271.62 239.677
7500 1019.99 807.07 645.959 526.046 435.63 366.642 313.563 272.444 240.345
7530 1020.71 808.098 647.092 527.191 436.74 367.683 314.506 273.262 241.009
7560 1021.43 809.122 648.219 528.331 437.845 368.718 315.444 274.074 241.666
7590 1022.15 810.142 649.342 529.465 438.944 369.748 316.376 274.88 242.318
7620 1022.86 811.158 650.46 530.595 440.038 370.771 317.301 275.68 242.965
7650 1023.57 812.169 651.574 531.72 441.126 371.789 318.221 276.474 243.607
7680 1024.28 813.176 652.682 532.839 442.209 372.801 319.135 277.262 244.243
7710 1024.98 814.178 653.786 533.954 443.286 373.808 320.043 278.045 244.874
7740 1025.69 815.176 654.886 535.063 444.359 374.809 320.945 278.822 245.499
7770 1026.38 816.17 655.98 536.168 445.425 375.804 321.842 279.594 246.12
7800 1027.08 817.16 657.07 537.267 446.487 376.794 322.733 280.36 246.735
7830 1027.77 818.145 658.156 538.362 447.543 377.778 323.618 281.12 247.346
7860 1028.46 819.126 659.236 539.452 448.594 378.757 324.498 281.875 247.952
7890 1029.14 820.103 660.313 540.536 449.64 379.73 325.372 282.625 248.553
7920 1029.83 821.076 661.384 541.616 450.681 380.698 326.241 283.37 249.149
7950 1030.51 822.044 662.451 542.691 451.716 381.661 327.104 284.109 249.74
7980 1031.18 823.009 663.513 543.761 452.747 382.618 327.962 284.843 250.326
8010 1031.86 823.969 664.571 544.826 453.772 383.57 328.815 285.572 250.908
8040 1032.53 824.925 665.624 545.886 454.792 384.517 329.662 286.296 251.486
8070 1033.19 825.876 666.673 546.942 455.807 385.458 330.504 287.015 252.058
8100 1033.86 826.824 667.717 547.992 456.817 386.395 331.341 287.729 252.627
8130 1034.52 827.768 668.757 549.038 457.822 387.326 332.173 288.438 253.19
8160 1035.18 828.707 669.792 550.079 458.822 388.252 332.999 289.142 253.75
8190 1035.84 829.643 670.823 551.116 459.817 389.173 333.821 289.841 254.305
8220 1036.49 830.574 671.849 552.147 460.807 390.089 334.637 290.535 254.856
8250 1037.14 831.502 672.871 553.174 461.792 391 335.449 291.225 255.402
8280 1037.79 832.425 673.888 554.197 462.773 391.906 336.256 291.91 255.944
8310 1038.43 833.345 674.901 555.214 463.748 392.807 337.057 292.59 256.482
8340 1039.07 834.26 675.91 556.227 464.719 393.703 337.854 293.265 257.016
8370 1039.71 835.172 676.914 557.235 465.684 394.595 338.646 293.936 257.546
8400 1040.35 836.079 677.914 558.239 466.645 395.481 339.433 294.603 258.072
8430 1040.98 836.983 678.909 559.238 467.602 396.363 340.216 295.265 258.594
8460 1041.62 837.883 679.9 560.232 468.553 397.24 340.993 295.922 259.111
8490 1042.25 838.779 680.887 561.222 469.5 398.112 341.767 296.575 259.625
8520 1042.87 839.671 681.87 562.208 470.442 398.979 342.535 297.224 260.135
8550 1043.5 840.559 682.848 563.188 471.38 399.842 343.299 297.868 260.641
8580 1044.12 841.443 683.822 564.165 472.312 400.7 344.058 298.508 261.144
8610 1044.74 842.324 684.792 565.137 473.241 401.554 344.813 299.144 261.642
8640 1045.35 843.201 685.757 566.104 474.164 402.403 345.563 299.775 262.137
8670 1045.97 844.074 686.719 567.067 475.083 403.247 346.308 300.403 262.628
8700 1046.58 844.943 687.676 568.026 475.998 404.087 347.05 301.026 263.116
8730 1047.18 845.809 688.629 568.98 476.908 404.922 347.787 301.645 263.6
8760 1047.79 846.67 689.578 569.93 477.814 405.753 348.519 302.26 264.08
8790 1048.39 847.529 690.523 570.875 478.715 406.579 349.247 302.871 264.557
8820 1049 848.383 691.463 571.817 479.611 407.401 349.971 303.478 265.03
8850 1049.59 849.234 692.4 572.754 480.503 408.218 350.691 304.081 265.5
8880 1050.19 850.081 693.332 573.686 481.391 409.032 351.406 304.68 265.966
8910 1050.79 850.925 694.261 574.614 482.275 409.84 352.117 305.275 266.429
8940 1051.38 851.765 695.185 575.538 483.154 410.645 352.824 305.866 266.889
8970 1051.97 852.601 696.105 576.458 484.029 411.445 353.527 306.453 267.345
9000 1052.55 853.434 697.022 577.374 484.899 412.241 354.226 307.037 267.798
9030 1053.14 854.263 697.934 578.285 485.765 413.033 354.92 307.617 268.247
9060 1053.72 855.089 698.843 579.193 486.627 413.82 355.611 308.193 268.694
9090 1054.3 855.911 699.747 580.096 487.485 414.603 356.298 308.765 269.137
9120 1054.88 856.73 700.648 580.995 488.339 415.383 356.98 309.334 269.577
9150 1055.46 857.545 701.544 581.89 489.188 416.158 357.659 309.899 270.014
9180 1056.03 858.357 702.437 582.781 490.033 416.929 358.333 310.46 270.447
9210 1056.6 859.166 703.326 583.667 490.875 417.695 359.004 311.018 270.878
9240 1057.17 859.971 704.211 584.55 491.712 418.458 359.671 311.572 271.305
9270 1057.74 860.772 705.092 585.429 492.544 419.217 360.334 312.123 271.73
9300 1058.3 861.57 705.969 586.303 493.373 419.972 360.993 312.67 272.151
9330 1058.86 862.365 706.843 587.174 494.198 420.723 361.649 313.214 272.57
9360 1059.43 863.157 707.713 588.041 495.019 421.469 362.301 313.754 272.985
9390 1059.98 863.945 708.579 588.904 495.836 422.212 362.949 314.291 273.398
9420 1060.54 864.73 709.441 589.763 496.649 422.951 363.593 314.825 273.807
9450 1061.09 865.511 710.3 590.618 497.457 423.687 364.233 315.355 274.214
9480 1061.65 866.29 711.154 591.469 498.262 424.418 364.87 315.882 274.618
9510 1062.2 867.065 712.006 592.316 499.063 425.145 365.503 316.405 275.019
9540 1062.75 867.837 712.853 593.159 499.861 425.869 366.133 316.925 275.418
9570 1063.29 868.605 713.697 593.999 500.654 426.589 366.759 317.442 275.813
9600 1063.84 869.371 714.537 594.835 501.443 427.305 367.382 317.956 276.206
9630 1064.38 870.133 715.374 595.667 502.229 428.017 368.001 318.467 276.596
9660 1064.92 870.892 716.207 596.495 503.011 428.726 368.616 318.974 276.983
9690 1065.46 871.648 717.036 597.319 503.789 429.431 369.228 319.478 277.368
9720 1065.99 872.4 717.862 598.14 504.563 430.132 369.837 319.979 277.75
9750 1066.53 873.15 718.684 598.957 505.334 430.83 370.442 320.477 278.129
9780 1067.06 873.897 719.503 599.77 506.1 431.524 371.043 320.972 278.506
9810 1067.59 874.64 720.318 600.58 506.863 432.215 371.642 321.464 278.881
9840 1068.12 875.381 721.13 601.386 507.623 432.901 372.237 321.953 279.252
9870 1068.64 876.118 721.938 602.188 508.379 433.585 372.828 322.438 279.621
9900 1069.17 876.852 722.743 602.987 509.131 434.264 373.417 322.921 279.988
9930 1069.69 877.583 723.544 603.782 509.879 434.941 374.002 323.401 280.352
9960 1070.21 878.312 724.342 604.574 510.624 435.614 374.583 323.878 280.714
9990 1070.73 879.037 725.137 605.362 511.366 436.283 375.162 324.352 281.073
10020 1071.25 879.759 725.928 606.146 512.104 436.949 375.737 324.823 281.43
10050 1071.77 880.479 726.716 606.927 512.838 437.611 376.309 325.291 281.784
10080 1072.28 881.195 727.5 607.705 513.569 438.27 376.878 325.757 282.136
10110 1072.79 881.909 728.281 608.479 514.296 438.926 377.444 326.219 282.486
10140 1073.3 882.62 729.059 609.249 515.02 439.578 378.006 326.679 282.833
10170 1073.81 883.327 729.834 610.016 515.74 440.227 378.566 327.136 283.178
10200 1074.32 884.032 730.605 610.78 516.457 440.873 379.122 327.59 283.521
10230 1074.82 884.734 731.373 611.54 517.17 441.515 379.675 328.042 283.861
10260 1075.33 885.434 732.137 612.297 517.88 442.154 380.225 328.491 284.199
10290 1075.83 886.13 732.899 613.05 518.587 442.79 380.773 328.937 284.535
10320 1076.33 886.824 733.657 613.8 519.291 443.422 381.317 329.38 284.869
10350 1076.82 887.514 734.412 614.547 519.991 444.052 381.858 329.821 285.2
10380 1077.32 888.203 735.164 615.291 520.687 444.678 382.396 330.259 285.53
10410 1077.82 888.888 735.913 616.031 521.381 445.301 382.932 330.694 285.857
10440 1078.31 889.57 736.658 616.768 522.071 445.92 383.464 331.127 286.182
10470 1078.8 890.25 737.401 617.501 522.758 446.537 383.993 331.558 286.504
10500 1079.29 890.927 738.14 618.231 523.441 447.15 384.52 331.985 286.825
10530 1079.78 891.602 738.876 618.958 524.122 447.761 385.044 332.411 287.144
10560 1080.26 892.273 739.609 619.682 524.799 448.368 385.564 332.833 287.46
10590 1080.75 892.942 740.339 620.403 525.473 448.972 386.082 333.253 287.775
10620 1081.23 893.609 741.066 621.12 526.143 449.573 386.597 333.671 288.087
10650 1081.71 894.273 741.79 621.835 526.811 450.171 387.11 334.086 288.398
10680 1082.19 894.934 742.511 622.546 527.475 450.767 387.619 334.499 288.706
10710 1082.67 895.592 743.229 623.254 528.137 451.359 388.126 334.91 289.012
10740 1083.15 896.248 743.944 623.959 528.795 451.948 388.63 335.318 289.317
10770 1083.63 896.902 744.656 624.66 529.45 452.534 389.132 335.723 289.619
10800 1084.1 897.552 745.365 625.359 530.102 453.117 389.63 336.126 289.92
